00000000.jpg (480,640,3)
00000001.jpg (480,640,3)
00000002.jpg (480,640,3)
00000003.jpg (480,640,3)
00000004.jpg (480,640,3)
00000005.jpg (480,640,3)
00000006.jpg (480,640,3)
00000007.jpg (480,640,3)
00000008.jpg (480,640,3)
00000009.jpg (480,640,3)
00000010.jpg (480,640,3)
00000011.jpg (480,640,3)
00000012.jpg (480,640,3)
00000013.jpg (480,640,3)
00000014.jpg (480,640,3)
00000015.jpg (480,640,3)
00000016.jpg (480,640,3)
00000017.jpg (480,640,3)
00000018.jpg (480,640,3)
00000019.jpg (480,640,3)
00000020.jpg (480,640,3)
00000021.jpg (480,640,3)
00000022.jpg (480,640,3)
00000023.jpg (480,640,3)
00000024.jpg (480,640,3)
00000025.jpg (480,640,3)
00000026.jpg (480,640,3)
00000027.jpg (480,640,3)
00000028.jpg (480,640,3)
00000029.jpg (480,640,3)
00000030.jpg (480,640,3)
00000032.jpg (480,640,3)
00000033.jpg (480,640,3)
00000035.jpg (480,640,3)
00000037.jpg (480,640,3)
00000038.jpg (480,640,3)
00000039.jpg (480,640,3)
00000040.jpg (480,640,3)
00000041.jpg (480,640,3)
00000042.jpg (480,640,3)
00000043.jpg (480,640,3)
00000044.jpg (480,640,3)
00000045.jpg (480,640,3)
00000046.jpg (480,640,3)
00000047.jpg (480,640,3)
00000048.jpg (480,640,3)
00000050.jpg (480,640,3)
00000051.jpg (480,640,3)
00000052.jpg (480,640,3)
00000053.jpg (480,640,3)
00000054.jpg (480,640,3)
00000055.jpg (480,640,3)
00000056.jpg (480,640,3)
00000057.jpg (480,640,3)
00000058.jpg (480,640,3)
00000059.jpg (480,640,3)
00000060.jpg (480,640,3)
00000061.jpg (480,640,3)
00000062.jpg (480,640,3)
00000064.jpg (480,640,3)
00000065.jpg (480,640,3)
00000067.jpg (480,640,3)
00000068.jpg (480,640,3)
00000069.jpg (480,640,3)
00000070.jpg (480,640,3)
00000071.jpg (480,640,3)
00000072.jpg (480,640,3)
00000073.jpg (480,640,3)
00000074.jpg (480,640,3)
00000075.jpg (480,640,3)
00000076.jpg (480,640,3)
00000077.jpg (480,640,3)
00000079.jpg (480,640,3)
00000080.jpg (480,640,3)
00000081.jpg (480,640,3)
00000082.jpg (480,640,3)
00000083.jpg (480,640,3)
00000085.jpg (480,640,3)
00000086.jpg (480,640,3)
00000087.jpg (480,640,3)
00000088.jpg (480,640,3)
00000089.jpg (480,640,3)
00000090.jpg (480,640,3)
00000092.jpg (480,640,3)
00000093.jpg (480,640,3)
00000094.jpg (480,640,3)
00000095.jpg (480,640,3)
00000096.jpg (480,640,3)
00000097.jpg (480,640,3)
00000098.jpg (480,640,3)
00000101.jpg (480,640,3)
00000102.jpg (480,640,3)
00000103.jpg (480,640,3)
00000104.jpg (480,640,3)
00000105.jpg (480,640,3)
00000106.jpg (480,640,3)
00000107.jpg (480,640,3)
00000108.jpg (480,640,3)
00000109.jpg (480,640,3)
00000110.jpg (480,640,3)
00000111.jpg (480,640,3)
00000112.jpg (480,640,3)
00000113.jpg (480,640,3)
00000114.jpg (480,640,3)
00000115.jpg (480,640,3)
00000117.jpg (480,640,3)
00000118.jpg (480,640,3)
00000119.jpg (480,640,3)
00000120.jpg (480,640,3)
00000121.jpg (480,640,3)
00000122.jpg (480,640,3)
00000123.jpg (480,640,3)
00000124.jpg (480,640,3)
00000125.jpg (480,640,3)
00000127.jpg (480,640,3)
00000128.jpg (480,640,3)
00000129.jpg (480,640,3)
00000130.jpg (480,640,3)
00000131.jpg (480,640,3)
00000132.jpg (480,640,3)
00000133.jpg (480,640,3)
00000134.jpg (480,640,3)
00000135.jpg (480,640,3)
00000137.jpg (480,640,3)
00000138.jpg (480,640,3)
00000139.jpg (480,640,3)
00000140.jpg (480,640,3)
00000142.jpg (480,640,3)
00000143.jpg (480,640,3)
00000144.jpg (480,640,3)
00000145.jpg (480,640,3)
00000146.jpg (480,640,3)
00000148.jpg (480,640,3)
00000149.jpg (480,640,3)
00000150.jpg (480,640,3)
00000151.jpg (480,640,3)
00000152.jpg (480,640,3)
00000153.jpg (480,640,3)
00000154.jpg (480,640,3)
00000155.jpg (480,640,3)
00000156.jpg (480,640,3)
00000157.jpg (480,640,3)
00000158.jpg (480,640,3)
00000159.jpg (480,640,3)
00000160.jpg (480,640,3)
00000161.jpg (480,640,3)
00000162.jpg (480,640,3)
00000163.jpg (480,640,3)
00000164.jpg (480,640,3)
00000165.jpg (480,640,3)
00000166.jpg (480,640,3)
00000167.jpg (480,640,3)
00000168.jpg (480,640,3)
00000169.jpg (480,640,3)
00000170.jpg (480,640,3)
00000171.jpg (480,640,3)
00000172.jpg (480,640,3)
00000173.jpg (480,640,3)
00000174.jpg (480,640,3)
00000175.jpg (480,640,3)
00000176.jpg (480,640,3)
00000177.jpg (480,640,3)
00000179.jpg (480,640,3)
00000180.jpg (480,640,3)
00000181.jpg (480,640,3)
00000182.jpg (480,640,3)
00000183.jpg (480,640,3)
00000184.jpg (480,640,3)
00000185.jpg (480,640,3)
00000186.jpg (480,640,3)
00000187.jpg (480,640,3)
00000188.jpg (480,640,3)
00000189.jpg (480,640,3)
00000190.jpg (480,640,3)
00000191.jpg (480,640,3)
00000192.jpg (480,640,3)
00000193.jpg (480,640,3)
00000194.jpg (480,640,3)
00000195.jpg (480,640,3)
00000196.jpg (480,640,3)
00000198.jpg (480,640,3)
00000199.jpg (480,640,3)
00000200.jpg (480,640,3)
00000201.jpg (480,640,3)
00000202.jpg (480,640,3)
00000203.jpg (480,640,3)
00000205.jpg (480,640,3)
00000206.jpg (480,640,3)
00000207.jpg (480,640,3)
00000208.jpg (480,640,3)
00000209.jpg (480,640,3)
00000210.jpg (480,640,3)
00000211.jpg (480,640,3)
00000213.jpg (480,640,3)
00000214.jpg (480,640,3)
00000215.jpg (480,640,3)
00000216.jpg (480,640,3)
00000217.jpg (480,640,3)
00000218.jpg (480,640,3)
00000219.jpg (480,640,3)
00000220.jpg (480,640,3)
00000221.jpg (480,640,3)
00000222.jpg (480,640,3)
00000223.jpg (480,640,3)
00000224.jpg (480,640,3)
00000225.jpg (480,640,3)
00000226.jpg (480,640,3)
00000227.jpg (480,640,3)
00000228.jpg (480,640,3)
00000229.jpg (480,640,3)
00000230.jpg (480,640,3)
00000231.jpg (480,640,3)
00000232.jpg (480,640,3)
00000233.jpg (480,640,3)
00000234.jpg (480,640,3)
00000235.jpg (480,640,3)
00000236.jpg (480,640,3)
00000237.jpg (480,640,3)
00000238.jpg (480,640,3)
00000239.jpg (480,640,3)
00000240.jpg (480,640,3)
00000241.jpg (480,640,3)
00000242.jpg (480,640,3)
00000243.jpg (480,640,3)
00000245.jpg (480,640,3)
00000246.jpg (480,640,3)
00000247.jpg (480,640,3)
00000248.jpg (480,640,3)
00000249.jpg (480,640,3)
00000250.jpg (480,640,3)
00000251.jpg (480,640,3)
00000252.jpg (480,640,3)
00000253.jpg (480,640,3)
00000255.jpg (480,640,3)
00000256.jpg (480,640,3)
00000257.jpg (480,640,3)
00000258.jpg (480,640,3)
00000259.jpg (480,640,3)
00000260.jpg (480,640,3)
00000261.jpg (480,640,3)
00000262.jpg (480,640,3)
00000263.jpg (480,640,3)
00000264.jpg (480,640,3)
00000265.jpg (480,640,3)
00000266.jpg (480,640,3)
00000267.jpg (480,640,3)
00000268.jpg (480,640,3)
00000269.jpg (480,640,3)
00000270.jpg (480,640,3)
00000271.jpg (480,640,3)
00000272.jpg (480,640,3)
00000273.jpg (480,640,3)
00000275.jpg (480,640,3)
00000276.jpg (480,640,3)
00000277.jpg (480,640,3)
00000278.jpg (480,640,3)
00000279.jpg (480,640,3)
00000280.jpg (480,640,3)
00000282.jpg (480,640,3)
00000283.jpg (480,640,3)
00000284.jpg (480,640,3)
00000285.jpg (480,640,3)
00000287.jpg (480,640,3)
00000288.jpg (480,640,3)
00000289.jpg (480,640,3)
00000290.jpg (480,640,3)
00000291.jpg (480,640,3)
00000292.jpg (480,640,3)
00000293.jpg (480,640,3)
00000294.jpg (480,640,3)
00000295.jpg (480,640,3)
00000296.jpg (480,640,3)
00000298.jpg (480,640,3)
00000299.jpg (480,640,3)
00000300.jpg (480,640,3)
00000302.jpg (480,640,3)
00000303.jpg (480,640,3)
00000304.jpg (480,640,3)
00000306.jpg (480,640,3)
00000308.jpg (480,640,3)
00000309.jpg (480,640,3)
00000310.jpg (480,640,3)
00000311.jpg (480,640,3)
00000312.jpg (480,640,3)
00000313.jpg (480,640,3)
00000314.jpg (480,640,3)
00000315.jpg (480,640,3)
00000316.jpg (480,640,3)
00000317.jpg (480,640,3)
00000318.jpg (480,640,3)
00000319.jpg (480,640,3)
00000320.jpg (480,640,3)
00000321.jpg (480,640,3)
00000322.jpg (480,640,3)
00000324.jpg (480,640,3)
00000325.jpg (480,640,3)
00000326.jpg (480,640,3)
00000327.jpg (480,640,3)
00000328.jpg (480,640,3)
00000329.jpg (480,640,3)
00000330.jpg (480,640,3)
00000331.jpg (480,640,3)
00000332.jpg (480,640,3)
00000333.jpg (480,640,3)
00000334.jpg (480,640,3)
00000335.jpg (480,640,3)
00000336.jpg (480,640,3)
00000337.jpg (480,640,3)
00000338.jpg (480,640,3)
00000339.jpg (480,640,3)
00000340.jpg (480,640,3)
00000341.jpg (480,640,3)
00000342.jpg (480,640,3)
00000343.jpg (480,640,3)
00000344.jpg (480,640,3)
00000345.jpg (480,640,3)
00000346.jpg (480,640,3)
00000347.jpg (480,640,3)
00000348.jpg (480,640,3)
00000349.jpg (480,640,3)
00000350.jpg (480,640,3)
00000351.jpg (480,640,3)
00000352.jpg (480,640,3)
00000353.jpg (480,640,3)
00000354.jpg (480,640,3)
00000355.jpg (480,640,3)
00000356.jpg (480,640,3)
00000357.jpg (480,640,3)
00000358.jpg (480,640,3)
00000359.jpg (480,640,3)
00000360.jpg (480,640,3)
00000362.jpg (480,640,3)
00000363.jpg (480,640,3)
00000364.jpg (480,640,3)
00000365.jpg (480,640,3)
00000366.jpg (480,640,3)
00000367.jpg (480,640,3)
00000368.jpg (480,640,3)
00000369.jpg (480,640,3)
00000370.jpg (480,640,3)
00000371.jpg (480,640,3)
00000372.jpg (480,640,3)
00000373.jpg (480,640,3)
00000374.jpg (480,640,3)
00000375.jpg (480,640,3)
00000377.jpg (480,640,3)
00000378.jpg (480,640,3)
00000379.jpg (480,640,3)
00000380.jpg (480,640,3)
00000381.jpg (480,640,3)
00000382.jpg (480,640,3)
00000384.jpg (480,640,3)
00000385.jpg (480,640,3)
00000386.jpg (480,640,3)
00000387.jpg (480,640,3)
00000388.jpg (480,640,3)
00000389.jpg (480,640,3)
00000390.jpg (480,640,3)
00000391.jpg (480,640,3)
00000392.jpg (480,640,3)
00000393.jpg (480,640,3)
00000394.jpg (480,640,3)
00000395.jpg (480,640,3)
00000396.jpg (480,640,3)
00000397.jpg (480,640,3)
00000398.jpg (480,640,3)
00000399.jpg (480,640,3)
00000400.jpg (480,640,3)
00000401.jpg (480,640,3)
00000402.jpg (480,640,3)
00000403.jpg (480,640,3)
00000404.jpg (480,640,3)
00000405.jpg (480,640,3)
00000406.jpg (480,640,3)
00000407.jpg (480,640,3)
00000408.jpg (480,640,3)
00000409.jpg (480,640,3)
00000410.jpg (480,640,3)
00000411.jpg (480,640,3)
00000412.jpg (480,640,3)
00000413.jpg (480,640,3)
00000414.jpg (480,640,3)
00000415.jpg (480,640,3)
00000416.jpg (480,640,3)
00000417.jpg (480,640,3)
00000418.jpg (480,640,3)
00000419.jpg (480,640,3)
00000421.jpg (480,640,3)
00000422.jpg (480,640,3)
00000423.jpg (480,640,3)
00000424.jpg (480,640,3)
00000425.jpg (480,640,3)
00000426.jpg (480,640,3)
00000427.jpg (480,640,3)
00000428.jpg (480,640,3)
00000432.jpg (480,640,3)
00000433.jpg (480,640,3)
00000434.jpg (480,640,3)
00000435.jpg (480,640,3)
00000436.jpg (480,640,3)
00000438.jpg (480,640,3)
00000439.jpg (480,640,3)
00000441.jpg (480,640,3)
00000442.jpg (480,640,3)
00000443.jpg (480,640,3)
00000444.jpg (480,640,3)
00000445.jpg (480,640,3)
00000446.jpg (480,640,3)
00000448.jpg (480,640,3)
00000449.jpg (480,640,3)
00000450.jpg (480,640,3)
00000451.jpg (480,640,3)
00000452.jpg (480,640,3)
00000454.jpg (480,640,3)
00000455.jpg (480,640,3)
00000456.jpg (480,640,3)
00000457.jpg (480,640,3)
00000458.jpg (480,640,3)
00000459.jpg (480,640,3)
00000460.jpg (480,640,3)
00000461.jpg (480,640,3)
00000462.jpg (480,640,3)
00000463.jpg (480,640,3)
00000464.jpg (480,640,3)
00000466.jpg (480,640,3)
00000467.jpg (480,640,3)
00000468.jpg (480,640,3)
00000469.jpg (480,640,3)
00000470.jpg (480,640,3)
00000471.jpg (480,640,3)
00000472.jpg (480,640,3)
00000473.jpg (480,640,3)
00000474.jpg (480,640,3)
00000475.jpg (480,640,3)
00000476.jpg (480,640,3)
00000477.jpg (480,640,3)
00000479.jpg (480,640,3)
00000480.jpg (480,640,3)
00000481.jpg (480,640,3)
00000482.jpg (480,640,3)
00000483.jpg (480,640,3)
00000484.jpg (480,640,3)
00000485.jpg (480,640,3)
00000486.jpg (480,640,3)
00000487.jpg (480,640,3)
00000488.jpg (480,640,3)
00000489.jpg (480,640,3)
00000490.jpg (480,640,3)
00000491.jpg (480,640,3)
00000492.jpg (480,640,3)
00000493.jpg (480,640,3)
00000494.jpg (480,640,3)
00000495.jpg (480,640,3)
00000496.jpg (480,640,3)
00000497.jpg (480,640,3)
00000498.jpg (480,640,3)
00000499.jpg (480,640,3)
00000500.jpg (480,640,3)
00000501.jpg (480,640,3)
00000502.jpg (480,640,3)
00000503.jpg (480,640,3)
00000504.jpg (480,640,3)
00000505.jpg (480,640,3)
00000506.jpg (480,640,3)
00000507.jpg (480,640,3)
00000508.jpg (480,640,3)
00000509.jpg (480,640,3)
00000510.jpg (480,640,3)
00000511.jpg (480,640,3)
00000512.jpg (480,640,3)
00000513.jpg (480,640,3)
00000514.jpg (480,640,3)
00000515.jpg (480,640,3)
00000516.jpg (480,640,3)
00000517.jpg (480,640,3)
00000518.jpg (480,640,3)
00000519.jpg (480,640,3)
00000520.jpg (480,640,3)
00000521.jpg (480,640,3)
00000522.jpg (480,640,3)
00000523.jpg (480,640,3)
00000524.jpg (480,640,3)
00000525.jpg (480,640,3)
00000526.jpg (480,640,3)
00000527.jpg (480,640,3)
00000528.jpg (480,640,3)
00000529.jpg (480,640,3)
00000530.jpg (480,640,3)
00000531.jpg (480,640,3)
00000532.jpg (480,640,3)
00000533.jpg (480,640,3)
00000535.jpg (480,640,3)
00000536.jpg (480,640,3)
00000538.jpg (480,640,3)
00000539.jpg (480,640,3)
00000540.jpg (480,640,3)
00000541.jpg (480,640,3)
00000542.jpg (480,640,3)
00000543.jpg (480,640,3)
00000544.jpg (480,640,3)
00000545.jpg (480,640,3)
00000546.jpg (480,640,3)
00000549.jpg (480,640,3)
00000550.jpg (480,640,3)
00000551.jpg (480,640,3)
00000552.jpg (480,640,3)
00000553.jpg (480,640,3)
00000555.jpg (480,640,3)
00000556.jpg (480,640,3)
00000557.jpg (480,640,3)
00000558.jpg (480,640,3)
00000561.jpg (480,640,3)
00000562.jpg (480,640,3)
00000563.jpg (480,640,3)
00000564.jpg (480,640,3)
00000565.jpg (480,640,3)
00000566.jpg (480,640,3)
00000567.jpg (480,640,3)
00000568.jpg (480,640,3)
00000569.jpg (480,640,3)
00000570.jpg (480,640,3)
00000571.jpg (480,640,3)
00000572.jpg (480,640,3)
00000573.jpg (480,640,3)
00000574.jpg (480,640,3)
00000575.jpg (480,640,3)
00000576.jpg (480,640,3)
00000577.jpg (480,640,3)
00000579.jpg (480,640,3)
00000580.jpg (480,640,3)
00000581.jpg (480,640,3)
00000582.jpg (480,640,3)
00000583.jpg (480,640,3)
00000584.jpg (480,640,3)
00000585.jpg (480,640,3)
00000586.jpg (480,640,3)
00000587.jpg (480,640,3)
00000588.jpg (480,640,3)
00000589.jpg (480,640,3)
00000590.jpg (480,640,3)
00000591.jpg (480,640,3)
00000592.jpg (480,640,3)
00000593.jpg (480,640,3)
00000594.jpg (480,640,3)
00000595.jpg (480,640,3)
00000596.jpg (480,640,3)
00000597.jpg (480,640,3)
00000598.jpg (480,640,3)
00000599.jpg (480,640,3)
00000600.jpg (480,640,3)
00000601.jpg (480,640,3)
00000602.jpg (480,640,3)
00000603.jpg (480,640,3)
00000604.jpg (480,640,3)
00000606.jpg (480,640,3)
00000607.jpg (480,640,3)
00000608.jpg (480,640,3)
00000609.jpg (480,640,3)
00000610.jpg (480,640,3)
00000612.jpg (480,640,3)
00000613.jpg (480,640,3)
00000614.jpg (480,640,3)
00000615.jpg (480,640,3)
00000616.jpg (480,640,3)
00000618.jpg (480,640,3)
00000619.jpg (480,640,3)
00000621.jpg (480,640,3)
00000622.jpg (480,640,3)
00000623.jpg (480,640,3)
00000624.jpg (480,640,3)
00000625.jpg (480,640,3)
00000626.jpg (480,640,3)
00000627.jpg (480,640,3)
00000628.jpg (480,640,3)
00000629.jpg (480,640,3)
00000630.jpg (480,640,3)
00000631.jpg (480,640,3)
00000632.jpg (480,640,3)
00000633.jpg (480,640,3)
00000634.jpg (480,640,3)
00000635.jpg (480,640,3)
00000636.jpg (480,640,3)
00000637.jpg (480,640,3)
00000638.jpg (480,640,3)
00000639.jpg (480,640,3)
00000640.jpg (480,640,3)
00000642.jpg (480,640,3)
00000644.jpg (480,640,3)
00000645.jpg (480,640,3)
00000646.jpg (480,640,3)
00000647.jpg (480,640,3)
00000648.jpg (480,640,3)
00000649.jpg (480,640,3)
00000650.jpg (480,640,3)
00000651.jpg (480,640,3)
00000652.jpg (480,640,3)
00000653.jpg (480,640,3)
00000654.jpg (480,640,3)
00000655.jpg (480,640,3)
00000656.jpg (480,640,3)
00000657.jpg (480,640,3)
00000658.jpg (480,640,3)
00000659.jpg (480,640,3)
00000660.jpg (480,640,3)
00000661.jpg (480,640,3)
00000662.jpg (480,640,3)
00000663.jpg (480,640,3)
00000664.jpg (480,640,3)
00000665.jpg (480,640,3)
00000666.jpg (480,640,3)
00000667.jpg (480,640,3)
00000668.jpg (480,640,3)
00000669.jpg (480,640,3)
00000671.jpg (480,640,3)
00000672.jpg (480,640,3)
00000673.jpg (480,640,3)
00000674.jpg (480,640,3)
00000675.jpg (480,640,3)
00000676.jpg (480,640,3)
00000679.jpg (480,640,3)
00000680.jpg (480,640,3)
00000681.jpg (480,640,3)
00000682.jpg (480,640,3)
00000683.jpg (480,640,3)
00000684.jpg (480,640,3)
00000685.jpg (480,640,3)
00000687.jpg (480,640,3)
00000688.jpg (480,640,3)
00000689.jpg (480,640,3)
00000690.jpg (480,640,3)
00000692.jpg (480,640,3)
00000693.jpg (480,640,3)
00000694.jpg (480,640,3)
00000695.jpg (480,640,3)
00000696.jpg (480,640,3)
00000697.jpg (480,640,3)
00000698.jpg (480,640,3)
00000699.jpg (480,640,3)
00000700.jpg (480,640,3)
00000701.jpg (480,640,3)
00000702.jpg (480,640,3)
00000704.jpg (480,640,3)
00000705.jpg (480,640,3)
00000706.jpg (480,640,3)
00000707.jpg (480,640,3)
00000708.jpg (480,640,3)
00000710.jpg (480,640,3)
00000711.jpg (480,640,3)
00000712.jpg (480,640,3)
00000713.jpg (480,640,3)
00000714.jpg (480,640,3)
00000715.jpg (480,640,3)
00000716.jpg (480,640,3)
00000717.jpg (480,640,3)
00000718.jpg (480,640,3)
00000719.jpg (480,640,3)
00000720.jpg (480,640,3)
00000721.jpg (480,640,3)
00000722.jpg (480,640,3)
00000724.jpg (480,640,3)
00000725.jpg (480,640,3)
00000726.jpg (480,640,3)
00000727.jpg (480,640,3)
00000728.jpg (480,640,3)
00000729.jpg (480,640,3)
00000730.jpg (480,640,3)
00000731.jpg (480,640,3)
00000732.jpg (480,640,3)
00000733.jpg (480,640,3)
00000734.jpg (480,640,3)
00000735.jpg (480,640,3)
00000736.jpg (480,640,3)
00000737.jpg (480,640,3)
00000738.jpg (480,640,3)
00000739.jpg (480,640,3)
00000740.jpg (480,640,3)
00000742.jpg (480,640,3)
00000743.jpg (480,640,3)
00000744.jpg (480,640,3)
00000746.jpg (480,640,3)
00000747.jpg (480,640,3)
00000748.jpg (480,640,3)
00000749.jpg (480,640,3)
00000750.jpg (480,640,3)
00000751.jpg (480,640,3)
00000753.jpg (480,640,3)
00000754.jpg (480,640,3)
00000755.jpg (480,640,3)
00000756.jpg (480,640,3)
00000757.jpg (480,640,3)
00000758.jpg (480,640,3)
00000760.jpg (480,640,3)
00000761.jpg (480,640,3)
00000762.jpg (480,640,3)
00000763.jpg (480,640,3)
00000764.jpg (480,640,3)
00000765.jpg (480,640,3)
00000767.jpg (480,640,3)
00000768.jpg (480,640,3)
00000769.jpg (480,640,3)
00000771.jpg (480,640,3)
00000772.jpg (480,640,3)
00000773.jpg (480,640,3)
00000775.jpg (480,640,3)
00000776.jpg (480,640,3)
00000777.jpg (480,640,3)
00000778.jpg (480,640,3)
00000779.jpg (480,640,3)
00000780.jpg (480,640,3)
00000781.jpg (480,640,3)
00000783.jpg (480,640,3)
00000784.jpg (480,640,3)
00000785.jpg (480,640,3)
00000786.jpg (480,640,3)
00000787.jpg (480,640,3)
00000788.jpg (480,640,3)
00000789.jpg (480,640,3)
00000790.jpg (480,640,3)
00000791.jpg (480,640,3)
00000792.jpg (480,640,3)
00000793.jpg (480,640,3)
00000794.jpg (480,640,3)
00000795.jpg (480,640,3)
00000798.jpg (480,640,3)
00000799.jpg (480,640,3)
00000800.jpg (480,640,3)
00000801.jpg (480,640,3)
00000802.jpg (480,640,3)
00000803.jpg (480,640,3)
00000804.jpg (480,640,3)
00000805.jpg (480,640,3)
00000806.jpg (480,640,3)
00000807.jpg (480,640,3)
00000808.jpg (480,640,3)
00000809.jpg (480,640,3)
00000810.jpg (480,640,3)
00000811.jpg (480,640,3)
00000812.jpg (480,640,3)
00000813.jpg (480,640,3)
00000814.jpg (480,640,3)
00000815.jpg (480,640,3)
00000817.jpg (480,640,3)
00000818.jpg (480,640,3)
00000819.jpg (480,640,3)
00000820.jpg (480,640,3)
00000821.jpg (480,640,3)
00000822.jpg (480,640,3)
00000823.jpg (480,640,3)
00000824.jpg (480,640,3)
00000825.jpg (480,640,3)
00000826.jpg (480,640,3)
00000827.jpg (480,640,3)
00000828.jpg (480,640,3)
00000829.jpg (480,640,3)
00000830.jpg (480,640,3)
00000831.jpg (480,640,3)
00000832.jpg (480,640,3)
00000833.jpg (480,640,3)
00000834.jpg (480,640,3)
00000835.jpg (480,640,3)
00000839.jpg (480,640,3)
00000840.jpg (480,640,3)
00000843.jpg (480,640,3)
00000844.jpg (480,640,3)
00000845.jpg (480,640,3)
00000846.jpg (480,640,3)
00000847.jpg (480,640,3)
00000848.jpg (480,640,3)
00000849.jpg (480,640,3)
00000850.jpg (480,640,3)
00000851.jpg (480,640,3)
00000852.jpg (480,640,3)
00000853.jpg (480,640,3)
00000854.jpg (480,640,3)
00000855.jpg (480,640,3)
00000856.jpg (480,640,3)
00000857.jpg (480,640,3)
00000859.jpg (480,640,3)
00000860.jpg (480,640,3)
00000861.jpg (480,640,3)
00000862.jpg (480,640,3)
00000863.jpg (480,640,3)
00000864.jpg (480,640,3)
00000865.jpg (480,640,3)
00000866.jpg (480,640,3)
00000868.jpg (480,640,3)
00000869.jpg (480,640,3)
00000870.jpg (480,640,3)
00000871.jpg (480,640,3)
00000872.jpg (480,640,3)
00000873.jpg (480,640,3)
00000874.jpg (480,640,3)
00000875.jpg (480,640,3)
00000876.jpg (480,640,3)
00000877.jpg (480,640,3)
00000878.jpg (480,640,3)
00000879.jpg (480,640,3)
00000880.jpg (480,640,3)
00000881.jpg (480,640,3)
00000882.jpg (480,640,3)
00000883.jpg (480,640,3)
00000884.jpg (480,640,3)
00000885.jpg (480,640,3)
00000887.jpg (480,640,3)
00000888.jpg (480,640,3)
00000891.jpg (480,640,3)
00000892.jpg (480,640,3)
00000893.jpg (480,640,3)
00000894.jpg (480,640,3)
00000895.jpg (480,640,3)
00000896.jpg (480,640,3)
00000897.jpg (480,640,3)
00000898.jpg (480,640,3)
00000899.jpg (480,640,3)
00000900.jpg (480,640,3)
00000901.jpg (480,640,3)
00000902.jpg (480,640,3)
00000903.jpg (480,640,3)
00000904.jpg (480,640,3)
00000905.jpg (480,640,3)
00000906.jpg (480,640,3)
00000907.jpg (480,640,3)
00000908.jpg (480,640,3)
00000909.jpg (480,640,3)
00000910.jpg (480,640,3)
00000911.jpg (480,640,3)
00000912.jpg (480,640,3)
00000913.jpg (480,640,3)
00000914.jpg (480,640,3)
00000915.jpg (480,640,3)
00000916.jpg (480,640,3)
00000917.jpg (480,640,3)
00000918.jpg (480,640,3)
00000919.jpg (480,640,3)
00000920.jpg (480,640,3)
00000921.jpg (480,640,3)
00000922.jpg (480,640,3)
00000923.jpg (480,640,3)
00000924.jpg (480,640,3)
00000926.jpg (480,640,3)
00000927.jpg (480,640,3)
00000928.jpg (480,640,3)
00000929.jpg (480,640,3)
00000930.jpg (480,640,3)
00000931.jpg (480,640,3)
00000932.jpg (480,640,3)
00000933.jpg (480,640,3)
00000934.jpg (480,640,3)
00000935.jpg (480,640,3)
00000936.jpg (480,640,3)
00000937.jpg (480,640,3)
00000938.jpg (480,640,3)
00000939.jpg (480,640,3)
00000940.jpg (480,640,3)
00000941.jpg (480,640,3)
00000943.jpg (480,640,3)
00000944.jpg (480,640,3)
00000945.jpg (480,640,3)
00000946.jpg (480,640,3)
00000947.jpg (480,640,3)
00000948.jpg (480,640,3)
00000950.jpg (480,640,3)
00000951.jpg (480,640,3)
00000952.jpg (480,640,3)
00000953.jpg (480,640,3)
00000954.jpg (480,640,3)
00000955.jpg (480,640,3)
00000956.jpg (480,640,3)
00000957.jpg (480,640,3)
00000958.jpg (480,640,3)
00000959.jpg (480,640,3)
00000960.jpg (480,640,3)
00000961.jpg (480,640,3)
00000962.jpg (480,640,3)
00000963.jpg (480,640,3)
00000964.jpg (480,640,3)
00000965.jpg (480,640,3)
00000966.jpg (480,640,3)
00000967.jpg (480,640,3)
00000968.jpg (480,640,3)
00000969.jpg (480,640,3)
00000970.jpg (480,640,3)
00000971.jpg (480,640,3)
00000972.jpg (480,640,3)
00000973.jpg (480,640,3)
00000974.jpg (480,640,3)
00000975.jpg (480,640,3)
00000976.jpg (480,640,3)
00000977.jpg (480,640,3)
00000979.jpg (480,640,3)
00000980.jpg (480,640,3)
00000981.jpg (480,640,3)
00000982.jpg (480,640,3)
00000983.jpg (480,640,3)
00000984.jpg (480,640,3)
00000985.jpg (480,640,3)
00000986.jpg (480,640,3)
00000987.jpg (480,640,3)
00000988.jpg (480,640,3)
00000989.jpg (480,640,3)
00000990.jpg (480,640,3)
00000991.jpg (480,640,3)
00000992.jpg (480,640,3)
00000995.jpg (480,640,3)
00000996.jpg (480,640,3)
00000997.jpg (480,640,3)
00000998.jpg (480,640,3)
00000999.jpg (480,640,3)
00001000.jpg (480,640,3)
00001001.jpg (480,640,3)
00001002.jpg (480,640,3)
00001003.jpg (480,640,3)
00001004.jpg (480,640,3)
00001005.jpg (480,640,3)
00001007.jpg (480,640,3)
00001008.jpg (480,640,3)
00001010.jpg (480,640,3)
00001011.jpg (480,640,3)
00001012.jpg (480,640,3)
00001013.jpg (480,640,3)
00001014.jpg (480,640,3)
00001015.jpg (480,640,3)
00001016.jpg (480,640,3)
00001017.jpg (480,640,3)
00001019.jpg (480,640,3)
00001020.jpg (480,640,3)
00001021.jpg (480,640,3)
00001022.jpg (480,640,3)
00001023.jpg (480,640,3)
00001024.jpg (480,640,3)
00001026.jpg (480,640,3)
00001027.jpg (480,640,3)
00001028.jpg (480,640,3)
00001029.jpg (480,640,3)
00001030.jpg (480,640,3)
00001031.jpg (480,640,3)
00001032.jpg (480,640,3)
00001033.jpg (480,640,3)
00001034.jpg (480,640,3)
00001035.jpg (480,640,3)
00001036.jpg (480,640,3)
00001037.jpg (480,640,3)
00001038.jpg (480,640,3)
00001039.jpg (480,640,3)
00001040.jpg (480,640,3)
00001041.jpg (480,640,3)
00001042.jpg (480,640,3)
00001043.jpg (480,640,3)
00001044.jpg (480,640,3)
00001045.jpg (480,640,3)
00001047.jpg (480,640,3)
00001048.jpg (480,640,3)
00001049.jpg (480,640,3)
00001050.jpg (480,640,3)
00001051.jpg (480,640,3)
00001052.jpg (480,640,3)
00001053.jpg (480,640,3)
00001054.jpg (480,640,3)
00001055.jpg (480,640,3)
00001056.jpg (480,640,3)
00001057.jpg (480,640,3)
00001058.jpg (480,640,3)
00001059.jpg (480,640,3)
00001060.jpg (480,640,3)
00001061.jpg (480,640,3)
00001062.jpg (480,640,3)
00001063.jpg (480,640,3)
00001064.jpg (480,640,3)
00001065.jpg (480,640,3)
00001066.jpg (480,640,3)
00001068.jpg (480,640,3)
00001069.jpg (480,640,3)
00001070.jpg (480,640,3)
00001071.jpg (480,640,3)
00001072.jpg (480,640,3)
00001073.jpg (480,640,3)
00001074.jpg (480,640,3)
00001076.jpg (480,640,3)
00001077.jpg (480,640,3)
00001078.jpg (480,640,3)
00001079.jpg (480,640,3)
00001080.jpg (480,640,3)
00001082.jpg (480,640,3)
00001083.jpg (480,640,3)
00001084.jpg (480,640,3)
00001085.jpg (480,640,3)
00001086.jpg (480,640,3)
00001087.jpg (480,640,3)
00001088.jpg (480,640,3)
00001089.jpg (480,640,3)
00001090.jpg (480,640,3)
00001091.jpg (480,640,3)
00001092.jpg (480,640,3)
00001093.jpg (480,640,3)
00001094.jpg (480,640,3)
00001095.jpg (480,640,3)
00001096.jpg (480,640,3)
00001097.jpg (480,640,3)
00001098.jpg (480,640,3)
00001099.jpg (480,640,3)
00001100.jpg (480,640,3)
00001101.jpg (480,640,3)
00001102.jpg (480,640,3)
00001103.jpg (480,640,3)
00001104.jpg (480,640,3)
00001105.jpg (480,640,3)
00001106.jpg (480,640,3)
00001107.jpg (480,640,3)
00001108.jpg (480,640,3)
00001109.jpg (480,640,3)
00001110.jpg (480,640,3)
00001112.jpg (480,640,3)
00001113.jpg (480,640,3)
00001114.jpg (480,640,3)
00001115.jpg (480,640,3)
00001116.jpg (480,640,3)
00001117.jpg (480,640,3)
00001118.jpg (480,640,3)
00001119.jpg (480,640,3)
00001121.jpg (480,640,3)
00001122.jpg (480,640,3)
00001123.jpg (480,640,3)
00001124.jpg (480,640,3)
00001125.jpg (480,640,3)
00001127.jpg (480,640,3)
00001129.jpg (480,640,3)
00001130.jpg (480,640,3)
00001132.jpg (480,640,3)
00001133.jpg (480,640,3)
00001134.jpg (480,640,3)
00001135.jpg (480,640,3)
00001136.jpg (480,640,3)
00001137.jpg (480,640,3)
00001138.jpg (480,640,3)
00001139.jpg (480,640,3)
00001140.jpg (480,640,3)
00001141.jpg (480,640,3)
00001142.jpg (480,640,3)
00001144.jpg (480,640,3)
00001145.jpg (480,640,3)
00001146.jpg (480,640,3)
00001147.jpg (480,640,3)
00001148.jpg (480,640,3)
00001149.jpg (480,640,3)
00001150.jpg (480,640,3)
00001151.jpg (480,640,3)
00001152.jpg (480,640,3)
00001153.jpg (480,640,3)
00001155.jpg (480,640,3)
00001156.jpg (480,640,3)
00001157.jpg (480,640,3)
00001158.jpg (480,640,3)
00001160.jpg (480,640,3)
00001163.jpg (480,640,3)
00001164.jpg (480,640,3)
00001165.jpg (480,640,3)
00001166.jpg (480,640,3)
00001167.jpg (480,640,3)
00001168.jpg (480,640,3)
00001169.jpg (480,640,3)
00001170.jpg (480,640,3)
00001171.jpg (480,640,3)
00001172.jpg (480,640,3)
00001173.jpg (480,640,3)
00001174.jpg (480,640,3)
00001175.jpg (480,640,3)
00001176.jpg (480,640,3)
00001177.jpg (480,640,3)
00001178.jpg (480,640,3)
00001179.jpg (480,640,3)
00001180.jpg (480,640,3)
00001182.jpg (480,640,3)
00001184.jpg (480,640,3)
00001185.jpg (480,640,3)
00001186.jpg (480,640,3)
00001187.jpg (480,640,3)
00001188.jpg (480,640,3)
00001189.jpg (480,640,3)
00001190.jpg (480,640,3)
00001192.jpg (480,640,3)
00001193.jpg (480,640,3)
00001195.jpg (480,640,3)
00001196.jpg (480,640,3)
00001197.jpg (480,640,3)
00001198.jpg (480,640,3)
00001200.jpg (480,640,3)
00001201.jpg (480,640,3)
00001202.jpg (480,640,3)
00001204.jpg (480,640,3)
00001205.jpg (480,640,3)
00001206.jpg (480,640,3)
00001207.jpg (480,640,3)
00001208.jpg (480,640,3)
00001209.jpg (480,640,3)
00001210.jpg (480,640,3)
00001211.jpg (480,640,3)
00001212.jpg (480,640,3)
00001213.jpg (480,640,3)
00001214.jpg (480,640,3)
00001215.jpg (480,640,3)
00001216.jpg (480,640,3)
00001217.jpg (480,640,3)
00001220.jpg (480,640,3)
00001221.jpg (480,640,3)
00001222.jpg (480,640,3)
00001223.jpg (480,640,3)
00001224.jpg (480,640,3)
00001225.jpg (480,640,3)
00001226.jpg (480,640,3)
00001227.jpg (480,640,3)
00001228.jpg (480,640,3)
00001230.jpg (480,640,3)
00001231.jpg (480,640,3)
00001232.jpg (480,640,3)
00001233.jpg (480,640,3)
00001234.jpg (480,640,3)
00001235.jpg (480,640,3)
00001236.jpg (480,640,3)
00001238.jpg (480,640,3)
00001239.jpg (480,640,3)
00001240.jpg (480,640,3)
00001241.jpg (480,640,3)
00001242.jpg (480,640,3)
00001244.jpg (480,640,3)
00001245.jpg (480,640,3)
00001246.jpg (480,640,3)
00001247.jpg (480,640,3)
00001248.jpg (480,640,3)
00001249.jpg (480,640,3)
00001250.jpg (480,640,3)
00001251.jpg (480,640,3)
00001252.jpg (480,640,3)
00001254.jpg (480,640,3)
00001255.jpg (480,640,3)
00001256.jpg (480,640,3)
00001257.jpg (480,640,3)
00001258.jpg (480,640,3)
00001259.jpg (480,640,3)
00001260.jpg (480,640,3)
00001261.jpg (480,640,3)
00001262.jpg (480,640,3)
00001263.jpg (480,640,3)
00001264.jpg (480,640,3)
00001267.jpg (480,640,3)
00001268.jpg (480,640,3)
00001269.jpg (480,640,3)
00001270.jpg (480,640,3)
00001271.jpg (480,640,3)
00001274.jpg (480,640,3)
00001275.jpg (480,640,3)
00001276.jpg (480,640,3)
00001277.jpg (480,640,3)
00001278.jpg (480,640,3)
00001279.jpg (480,640,3)
00001280.jpg (480,640,3)
00001281.jpg (480,640,3)
00001282.jpg (480,640,3)
00001283.jpg (480,640,3)
00001284.jpg (480,640,3)
00001285.jpg (480,640,3)
00001286.jpg (480,640,3)
00001287.jpg (480,640,3)
00001288.jpg (480,640,3)
00001289.jpg (480,640,3)
00001290.jpg (480,640,3)
00001291.jpg (480,640,3)
00001292.jpg (480,640,3)
00001293.jpg (480,640,3)
00001294.jpg (480,640,3)
00001295.jpg (480,640,3)
00001296.jpg (480,640,3)
00001297.jpg (480,640,3)
00001298.jpg (480,640,3)
00001299.jpg (480,640,3)
00001300.jpg (480,640,3)
00001301.jpg (480,640,3)
00001302.jpg (480,640,3)
00001303.jpg (480,640,3)
00001304.jpg (480,640,3)
00001305.jpg (480,640,3)
00001307.jpg (480,640,3)
00001308.jpg (480,640,3)
00001309.jpg (480,640,3)
00001310.jpg (480,640,3)
00001311.jpg (480,640,3)
00001312.jpg (480,640,3)
00001314.jpg (480,640,3)
00001316.jpg (480,640,3)
00001318.jpg (480,640,3)
00001319.jpg (480,640,3)
00001320.jpg (480,640,3)
00001321.jpg (480,640,3)
00001322.jpg (480,640,3)
00001323.jpg (480,640,3)
00001324.jpg (480,640,3)
00001325.jpg (480,640,3)
00001326.jpg (480,640,3)
00001328.jpg (480,640,3)
00001329.jpg (480,640,3)
00001330.jpg (480,640,3)
00001331.jpg (480,640,3)
00001332.jpg (480,640,3)
00001333.jpg (480,640,3)
00001334.jpg (480,640,3)
00001335.jpg (480,640,3)
00001336.jpg (480,640,3)
00001337.jpg (480,640,3)
00001338.jpg (480,640,3)
00001340.jpg (480,640,3)
00001341.jpg (480,640,3)
00001342.jpg (480,640,3)
00001343.jpg (480,640,3)
00001344.jpg (480,640,3)
00001345.jpg (480,640,3)
00001346.jpg (480,640,3)
00001347.jpg (480,640,3)
00001348.jpg (480,640,3)
00001349.jpg (480,640,3)
00001350.jpg (480,640,3)
00001351.jpg (480,640,3)
00001352.jpg (480,640,3)
00001353.jpg (480,640,3)
00001355.jpg (480,640,3)
00001356.jpg (480,640,3)
00001357.jpg (480,640,3)
00001358.jpg (480,640,3)
00001359.jpg (480,640,3)
00001360.jpg (480,640,3)
00001361.jpg (480,640,3)
00001362.jpg (480,640,3)
00001365.jpg (480,640,3)
00001366.jpg (480,640,3)
00001367.jpg (480,640,3)
00001368.jpg (480,640,3)
00001369.jpg (480,640,3)
00001371.jpg (480,640,3)
00001373.jpg (480,640,3)
00001374.jpg (480,640,3)
00001375.jpg (480,640,3)
00001376.jpg (480,640,3)
00001377.jpg (480,640,3)
00001378.jpg (480,640,3)
00001379.jpg (480,640,3)
00001380.jpg (480,640,3)
00001381.jpg (480,640,3)
00001382.jpg (480,640,3)
00001383.jpg (480,640,3)
00001384.jpg (480,640,3)
00001385.jpg (480,640,3)
00001386.jpg (480,640,3)
00001387.jpg (480,640,3)
00001388.jpg (480,640,3)
00001389.jpg (480,640,3)
00001390.jpg (480,640,3)
00001391.jpg (480,640,3)
00001392.jpg (480,640,3)
00001393.jpg (480,640,3)
00001394.jpg (480,640,3)
00001395.jpg (480,640,3)
00001396.jpg (480,640,3)
00001397.jpg (480,640,3)
00001399.jpg (480,640,3)
00001400.jpg (480,640,3)
00001401.jpg (480,640,3)
00001402.jpg (480,640,3)
00001403.jpg (480,640,3)
00001404.jpg (480,640,3)
00001407.jpg (480,640,3)
00001408.jpg (480,640,3)
00001409.jpg (480,640,3)
00001410.jpg (480,640,3)
00001411.jpg (480,640,3)
00001412.jpg (480,640,3)
00001413.jpg (480,640,3)
00001414.jpg (480,640,3)
00001415.jpg (480,640,3)
00001416.jpg (480,640,3)
00001417.jpg (480,640,3)
00001418.jpg (480,640,3)
00001419.jpg (480,640,3)
00001420.jpg (480,640,3)
00001421.jpg (480,640,3)
00001422.jpg (480,640,3)
00001423.jpg (480,640,3)
00001424.jpg (480,640,3)
00001425.jpg (480,640,3)
00001426.jpg (480,640,3)
00001427.jpg (480,640,3)
00001428.jpg (480,640,3)
00001429.jpg (480,640,3)
00001430.jpg (480,640,3)
00001431.jpg (480,640,3)
00001432.jpg (480,640,3)
00001433.jpg (480,640,3)
00001434.jpg (480,640,3)
00001435.jpg (480,640,3)
00001436.jpg (480,640,3)
00001439.jpg (480,640,3)
00001441.jpg (480,640,3)
00001442.jpg (480,640,3)
00001443.jpg (480,640,3)
00001444.jpg (480,640,3)
00001445.jpg (480,640,3)
00001446.jpg (480,640,3)
00001447.jpg (480,640,3)
