00000000.png (480,640,3)
00000001.png (480,640,3)
00000002.png (480,640,3)
00000003.png (480,640,3)
00000004.png (480,640,3)
00000005.png (480,640,3)
00000006.png (480,640,3)
00000007.png (480,640,3)
00000008.png (480,640,3)
00000009.png (480,640,3)
00000010.png (480,640,3)
00000011.png (480,640,3)
00000012.png (480,640,3)
00000013.png (480,640,3)
00000014.png (480,640,3)
00000015.png (480,640,3)
00000016.png (480,640,3)
00000017.png (480,640,3)
00000018.png (480,640,3)
00000019.png (480,640,3)
00000020.png (480,640,3)
00000021.png (480,640,3)
00000022.png (480,640,3)
00000023.png (480,640,3)
00000024.png (480,640,3)
00000025.png (480,640,3)
00000026.png (480,640,3)
00000027.png (480,640,3)
00000028.png (480,640,3)
00000029.png (480,640,3)
00000030.png (480,640,3)
00000032.png (480,640,3)
00000033.png (480,640,3)
00000035.png (480,640,3)
00000037.png (480,640,3)
00000038.png (480,640,3)
00000039.png (480,640,3)
00000040.png (480,640,3)
00000041.png (480,640,3)
00000042.png (480,640,3)
00000043.png (480,640,3)
00000044.png (480,640,3)
00000045.png (480,640,3)
00000046.png (480,640,3)
00000047.png (480,640,3)
00000048.png (480,640,3)
00000050.png (480,640,3)
00000051.png (480,640,3)
00000052.png (480,640,3)
00000053.png (480,640,3)
00000054.png (480,640,3)
00000055.png (480,640,3)
00000056.png (480,640,3)
00000057.png (480,640,3)
00000058.png (480,640,3)
00000059.png (480,640,3)
00000060.png (480,640,3)
00000061.png (480,640,3)
00000062.png (480,640,3)
00000064.png (480,640,3)
00000065.png (480,640,3)
00000067.png (480,640,3)
00000068.png (480,640,3)
00000069.png (480,640,3)
00000070.png (480,640,3)
00000071.png (480,640,3)
00000072.png (480,640,3)
00000073.png (480,640,3)
00000074.png (480,640,3)
00000075.png (480,640,3)
00000076.png (480,640,3)
00000077.png (480,640,3)
00000079.png (480,640,3)
00000080.png (480,640,3)
00000081.png (480,640,3)
00000082.png (480,640,3)
00000083.png (480,640,3)
00000085.png (480,640,3)
00000086.png (480,640,3)
00000087.png (480,640,3)
00000088.png (480,640,3)
00000089.png (480,640,3)
00000090.png (480,640,3)
00000092.png (480,640,3)
00000093.png (480,640,3)
00000094.png (480,640,3)
00000095.png (480,640,3)
00000096.png (480,640,3)
00000097.png (480,640,3)
00000098.png (480,640,3)
00000101.png (480,640,3)
00000102.png (480,640,3)
00000103.png (480,640,3)
00000104.png (480,640,3)
00000105.png (480,640,3)
00000106.png (480,640,3)
00000107.png (480,640,3)
00000108.png (480,640,3)
00000109.png (480,640,3)
00000110.png (480,640,3)
00000111.png (480,640,3)
00000112.png (480,640,3)
00000113.png (480,640,3)
00000114.png (480,640,3)
00000115.png (480,640,3)
00000117.png (480,640,3)
00000118.png (480,640,3)
00000119.png (480,640,3)
00000120.png (480,640,3)
00000121.png (480,640,3)
00000122.png (480,640,3)
00000123.png (480,640,3)
00000124.png (480,640,3)
00000125.png (480,640,3)
00000127.png (480,640,3)
00000128.png (480,640,3)
00000129.png (480,640,3)
00000130.png (480,640,3)
00000131.png (480,640,3)
00000132.png (480,640,3)
00000133.png (480,640,3)
00000134.png (480,640,3)
00000135.png (480,640,3)
00000137.png (480,640,3)
00000138.png (480,640,3)
00000139.png (480,640,3)
00000140.png (480,640,3)
00000142.png (480,640,3)
00000143.png (480,640,3)
00000144.png (480,640,3)
00000145.png (480,640,3)
00000146.png (480,640,3)
00000148.png (480,640,3)
00000149.png (480,640,3)
00000150.png (480,640,3)
00000151.png (480,640,3)
00000152.png (480,640,3)
00000153.png (480,640,3)
00000154.png (480,640,3)
00000155.png (480,640,3)
00000156.png (480,640,3)
00000157.png (480,640,3)
00000158.png (480,640,3)
00000159.png (480,640,3)
00000160.png (480,640,3)
00000161.png (480,640,3)
00000162.png (480,640,3)
00000163.png (480,640,3)
00000164.png (480,640,3)
00000165.png (480,640,3)
00000166.png (480,640,3)
00000167.png (480,640,3)
00000168.png (480,640,3)
00000169.png (480,640,3)
00000170.png (480,640,3)
00000171.png (480,640,3)
00000172.png (480,640,3)
00000173.png (480,640,3)
00000174.png (480,640,3)
00000175.png (480,640,3)
00000176.png (480,640,3)
00000177.png (480,640,3)
00000179.png (480,640,3)
00000180.png (480,640,3)
00000181.png (480,640,3)
00000182.png (480,640,3)
00000183.png (480,640,3)
00000184.png (480,640,3)
00000185.png (480,640,3)
00000186.png (480,640,3)
00000187.png (480,640,3)
00000188.png (480,640,3)
00000189.png (480,640,3)
00000190.png (480,640,3)
00000191.png (480,640,3)
00000192.png (480,640,3)
00000193.png (480,640,3)
00000194.png (480,640,3)
00000195.png (480,640,3)
00000196.png (480,640,3)
00000198.png (480,640,3)
00000199.png (480,640,3)
00000200.png (480,640,3)
00000201.png (480,640,3)
00000202.png (480,640,3)
00000203.png (480,640,3)
00000205.png (480,640,3)
00000206.png (480,640,3)
00000207.png (480,640,3)
00000208.png (480,640,3)
00000209.png (480,640,3)
00000210.png (480,640,3)
00000211.png (480,640,3)
00000213.png (480,640,3)
00000214.png (480,640,3)
00000215.png (480,640,3)
00000216.png (480,640,3)
00000217.png (480,640,3)
00000218.png (480,640,3)
00000219.png (480,640,3)
00000220.png (480,640,3)
00000221.png (480,640,3)
00000222.png (480,640,3)
00000223.png (480,640,3)
00000224.png (480,640,3)
00000225.png (480,640,3)
00000226.png (480,640,3)
00000227.png (480,640,3)
00000228.png (480,640,3)
00000229.png (480,640,3)
00000230.png (480,640,3)
00000231.png (480,640,3)
00000232.png (480,640,3)
00000233.png (480,640,3)
00000234.png (480,640,3)
00000235.png (480,640,3)
00000236.png (480,640,3)
00000237.png (480,640,3)
00000238.png (480,640,3)
00000239.png (480,640,3)
00000240.png (480,640,3)
00000241.png (480,640,3)
00000242.png (480,640,3)
00000243.png (480,640,3)
00000245.png (480,640,3)
00000246.png (480,640,3)
00000247.png (480,640,3)
00000248.png (480,640,3)
00000249.png (480,640,3)
00000250.png (480,640,3)
00000251.png (480,640,3)
00000252.png (480,640,3)
00000253.png (480,640,3)
00000255.png (480,640,3)
00000256.png (480,640,3)
00000257.png (480,640,3)
00000258.png (480,640,3)
00000259.png (480,640,3)
00000260.png (480,640,3)
00000261.png (480,640,3)
00000262.png (480,640,3)
00000263.png (480,640,3)
00000264.png (480,640,3)
00000265.png (480,640,3)
00000266.png (480,640,3)
00000267.png (480,640,3)
00000268.png (480,640,3)
00000269.png (480,640,3)
00000270.png (480,640,3)
00000271.png (480,640,3)
00000272.png (480,640,3)
00000273.png (480,640,3)
00000275.png (480,640,3)
00000276.png (480,640,3)
00000277.png (480,640,3)
00000278.png (480,640,3)
00000279.png (480,640,3)
00000280.png (480,640,3)
00000282.png (480,640,3)
00000283.png (480,640,3)
00000284.png (480,640,3)
00000285.png (480,640,3)
00000287.png (480,640,3)
00000288.png (480,640,3)
00000289.png (480,640,3)
00000290.png (480,640,3)
00000291.png (480,640,3)
00000292.png (480,640,3)
00000293.png (480,640,3)
00000294.png (480,640,3)
00000295.png (480,640,3)
00000296.png (480,640,3)
00000298.png (480,640,3)
00000299.png (480,640,3)
00000300.png (480,640,3)
00000302.png (480,640,3)
00000303.png (480,640,3)
00000304.png (480,640,3)
00000306.png (480,640,3)
00000308.png (480,640,3)
00000309.png (480,640,3)
00000310.png (480,640,3)
00000311.png (480,640,3)
00000312.png (480,640,3)
00000313.png (480,640,3)
00000314.png (480,640,3)
00000315.png (480,640,3)
00000316.png (480,640,3)
00000317.png (480,640,3)
00000318.png (480,640,3)
00000319.png (480,640,3)
00000320.png (480,640,3)
00000321.png (480,640,3)
00000322.png (480,640,3)
00000324.png (480,640,3)
00000325.png (480,640,3)
00000326.png (480,640,3)
00000327.png (480,640,3)
00000328.png (480,640,3)
00000329.png (480,640,3)
00000330.png (480,640,3)
00000331.png (480,640,3)
00000332.png (480,640,3)
00000333.png (480,640,3)
00000334.png (480,640,3)
00000335.png (480,640,3)
00000336.png (480,640,3)
00000337.png (480,640,3)
00000338.png (480,640,3)
00000339.png (480,640,3)
00000340.png (480,640,3)
00000341.png (480,640,3)
00000342.png (480,640,3)
00000343.png (480,640,3)
00000344.png (480,640,3)
00000345.png (480,640,3)
00000346.png (480,640,3)
00000347.png (480,640,3)
00000348.png (480,640,3)
00000349.png (480,640,3)
00000350.png (480,640,3)
00000351.png (480,640,3)
00000352.png (480,640,3)
00000353.png (480,640,3)
00000354.png (480,640,3)
00000355.png (480,640,3)
00000356.png (480,640,3)
00000357.png (480,640,3)
00000358.png (480,640,3)
00000359.png (480,640,3)
00000360.png (480,640,3)
00000362.png (480,640,3)
00000363.png (480,640,3)
00000364.png (480,640,3)
00000365.png (480,640,3)
00000366.png (480,640,3)
00000367.png (480,640,3)
00000368.png (480,640,3)
00000369.png (480,640,3)
00000370.png (480,640,3)
00000371.png (480,640,3)
00000372.png (480,640,3)
00000373.png (480,640,3)
00000374.png (480,640,3)
00000375.png (480,640,3)
00000377.png (480,640,3)
00000378.png (480,640,3)
00000379.png (480,640,3)
00000380.png (480,640,3)
00000381.png (480,640,3)
00000382.png (480,640,3)
00000384.png (480,640,3)
00000385.png (480,640,3)
00000386.png (480,640,3)
00000387.png (480,640,3)
00000388.png (480,640,3)
00000389.png (480,640,3)
00000390.png (480,640,3)
00000391.png (480,640,3)
00000392.png (480,640,3)
00000393.png (480,640,3)
00000394.png (480,640,3)
00000395.png (480,640,3)
00000396.png (480,640,3)
00000397.png (480,640,3)
00000398.png (480,640,3)
00000399.png (480,640,3)
00000400.png (480,640,3)
00000401.png (480,640,3)
00000402.png (480,640,3)
00000403.png (480,640,3)
00000404.png (480,640,3)
00000405.png (480,640,3)
00000406.png (480,640,3)
00000407.png (480,640,3)
00000408.png (480,640,3)
00000409.png (480,640,3)
00000410.png (480,640,3)
00000411.png (480,640,3)
00000412.png (480,640,3)
00000413.png (480,640,3)
00000414.png (480,640,3)
00000415.png (480,640,3)
00000416.png (480,640,3)
00000417.png (480,640,3)
00000418.png (480,640,3)
00000419.png (480,640,3)
00000421.png (480,640,3)
00000422.png (480,640,3)
00000423.png (480,640,3)
00000424.png (480,640,3)
00000425.png (480,640,3)
00000426.png (480,640,3)
00000427.png (480,640,3)
00000428.png (480,640,3)
00000432.png (480,640,3)
00000433.png (480,640,3)
00000434.png (480,640,3)
00000435.png (480,640,3)
00000436.png (480,640,3)
00000438.png (480,640,3)
00000439.png (480,640,3)
00000441.png (480,640,3)
00000442.png (480,640,3)
00000443.png (480,640,3)
00000444.png (480,640,3)
00000445.png (480,640,3)
00000446.png (480,640,3)
00000448.png (480,640,3)
00000449.png (480,640,3)
00000450.png (480,640,3)
00000451.png (480,640,3)
00000452.png (480,640,3)
00000454.png (480,640,3)
00000455.png (480,640,3)
00000456.png (480,640,3)
00000457.png (480,640,3)
00000458.png (480,640,3)
00000459.png (480,640,3)
00000460.png (480,640,3)
00000461.png (480,640,3)
00000462.png (480,640,3)
00000463.png (480,640,3)
00000464.png (480,640,3)
00000466.png (480,640,3)
00000467.png (480,640,3)
00000468.png (480,640,3)
00000469.png (480,640,3)
00000470.png (480,640,3)
00000471.png (480,640,3)
00000472.png (480,640,3)
00000473.png (480,640,3)
00000474.png (480,640,3)
00000475.png (480,640,3)
00000476.png (480,640,3)
00000477.png (480,640,3)
00000479.png (480,640,3)
00000480.png (480,640,3)
00000481.png (480,640,3)
00000482.png (480,640,3)
00000483.png (480,640,3)
00000484.png (480,640,3)
00000485.png (480,640,3)
00000486.png (480,640,3)
00000487.png (480,640,3)
00000488.png (480,640,3)
00000489.png (480,640,3)
00000490.png (480,640,3)
00000491.png (480,640,3)
00000492.png (480,640,3)
00000493.png (480,640,3)
00000494.png (480,640,3)
00000495.png (480,640,3)
00000496.png (480,640,3)
00000497.png (480,640,3)
00000498.png (480,640,3)
00000499.png (480,640,3)
00000500.png (480,640,3)
00000501.png (480,640,3)
00000502.png (480,640,3)
00000503.png (480,640,3)
00000504.png (480,640,3)
00000505.png (480,640,3)
00000506.png (480,640,3)
00000507.png (480,640,3)
00000508.png (480,640,3)
00000509.png (480,640,3)
00000510.png (480,640,3)
00000511.png (480,640,3)
00000512.png (480,640,3)
00000513.png (480,640,3)
00000514.png (480,640,3)
00000515.png (480,640,3)
00000516.png (480,640,3)
00000517.png (480,640,3)
00000518.png (480,640,3)
00000519.png (480,640,3)
00000520.png (480,640,3)
00000521.png (480,640,3)
00000522.png (480,640,3)
00000523.png (480,640,3)
00000524.png (480,640,3)
00000525.png (480,640,3)
00000526.png (480,640,3)
00000527.png (480,640,3)
00000528.png (480,640,3)
00000529.png (480,640,3)
00000530.png (480,640,3)
00000531.png (480,640,3)
00000532.png (480,640,3)
00000533.png (480,640,3)
00000535.png (480,640,3)
00000536.png (480,640,3)
00000538.png (480,640,3)
00000539.png (480,640,3)
00000540.png (480,640,3)
00000541.png (480,640,3)
00000542.png (480,640,3)
00000543.png (480,640,3)
00000544.png (480,640,3)
00000545.png (480,640,3)
00000546.png (480,640,3)
00000549.png (480,640,3)
00000550.png (480,640,3)
00000551.png (480,640,3)
00000552.png (480,640,3)
00000553.png (480,640,3)
00000555.png (480,640,3)
00000556.png (480,640,3)
00000557.png (480,640,3)
00000558.png (480,640,3)
00000561.png (480,640,3)
00000562.png (480,640,3)
00000563.png (480,640,3)
00000564.png (480,640,3)
00000565.png (480,640,3)
00000566.png (480,640,3)
00000567.png (480,640,3)
00000568.png (480,640,3)
00000569.png (480,640,3)
00000570.png (480,640,3)
00000571.png (480,640,3)
00000572.png (480,640,3)
00000573.png (480,640,3)
00000574.png (480,640,3)
00000575.png (480,640,3)
00000576.png (480,640,3)
00000577.png (480,640,3)
00000579.png (480,640,3)
00000580.png (480,640,3)
00000581.png (480,640,3)
00000582.png (480,640,3)
00000583.png (480,640,3)
00000584.png (480,640,3)
00000585.png (480,640,3)
00000586.png (480,640,3)
00000587.png (480,640,3)
00000588.png (480,640,3)
00000589.png (480,640,3)
00000590.png (480,640,3)
00000591.png (480,640,3)
00000592.png (480,640,3)
00000593.png (480,640,3)
00000594.png (480,640,3)
00000595.png (480,640,3)
00000596.png (480,640,3)
00000597.png (480,640,3)
00000598.png (480,640,3)
00000599.png (480,640,3)
00000600.png (480,640,3)
00000601.png (480,640,3)
00000602.png (480,640,3)
00000603.png (480,640,3)
00000604.png (480,640,3)
00000606.png (480,640,3)
00000607.png (480,640,3)
00000608.png (480,640,3)
00000609.png (480,640,3)
00000610.png (480,640,3)
00000612.png (480,640,3)
00000613.png (480,640,3)
00000614.png (480,640,3)
00000615.png (480,640,3)
00000616.png (480,640,3)
00000618.png (480,640,3)
00000619.png (480,640,3)
00000621.png (480,640,3)
00000622.png (480,640,3)
00000623.png (480,640,3)
00000624.png (480,640,3)
00000625.png (480,640,3)
00000626.png (480,640,3)
00000627.png (480,640,3)
00000628.png (480,640,3)
00000629.png (480,640,3)
00000630.png (480,640,3)
00000631.png (480,640,3)
00000632.png (480,640,3)
00000633.png (480,640,3)
00000634.png (480,640,3)
00000635.png (480,640,3)
00000636.png (480,640,3)
00000637.png (480,640,3)
00000638.png (480,640,3)
00000639.png (480,640,3)
00000640.png (480,640,3)
00000642.png (480,640,3)
00000644.png (480,640,3)
00000645.png (480,640,3)
00000646.png (480,640,3)
00000647.png (480,640,3)
00000648.png (480,640,3)
00000649.png (480,640,3)
00000650.png (480,640,3)
00000651.png (480,640,3)
00000652.png (480,640,3)
00000653.png (480,640,3)
00000654.png (480,640,3)
00000655.png (480,640,3)
00000656.png (480,640,3)
00000657.png (480,640,3)
00000658.png (480,640,3)
00000659.png (480,640,3)
00000660.png (480,640,3)
00000661.png (480,640,3)
00000662.png (480,640,3)
00000663.png (480,640,3)
00000664.png (480,640,3)
00000665.png (480,640,3)
00000666.png (480,640,3)
00000667.png (480,640,3)
00000668.png (480,640,3)
00000669.png (480,640,3)
00000671.png (480,640,3)
00000672.png (480,640,3)
00000673.png (480,640,3)
00000674.png (480,640,3)
00000675.png (480,640,3)
00000676.png (480,640,3)
00000679.png (480,640,3)
00000680.png (480,640,3)
00000681.png (480,640,3)
00000682.png (480,640,3)
00000683.png (480,640,3)
00000684.png (480,640,3)
00000685.png (480,640,3)
00000687.png (480,640,3)
00000688.png (480,640,3)
00000689.png (480,640,3)
00000690.png (480,640,3)
00000692.png (480,640,3)
00000693.png (480,640,3)
00000694.png (480,640,3)
00000695.png (480,640,3)
00000696.png (480,640,3)
00000697.png (480,640,3)
00000698.png (480,640,3)
00000699.png (480,640,3)
00000700.png (480,640,3)
00000701.png (480,640,3)
00000702.png (480,640,3)
00000704.png (480,640,3)
00000705.png (480,640,3)
00000706.png (480,640,3)
00000707.png (480,640,3)
00000708.png (480,640,3)
00000710.png (480,640,3)
00000711.png (480,640,3)
00000712.png (480,640,3)
00000713.png (480,640,3)
00000714.png (480,640,3)
00000715.png (480,640,3)
00000716.png (480,640,3)
00000717.png (480,640,3)
00000718.png (480,640,3)
00000719.png (480,640,3)
00000720.png (480,640,3)
00000721.png (480,640,3)
00000722.png (480,640,3)
00000724.png (480,640,3)
00000725.png (480,640,3)
00000726.png (480,640,3)
00000727.png (480,640,3)
00000728.png (480,640,3)
00000729.png (480,640,3)
00000730.png (480,640,3)
00000731.png (480,640,3)
00000732.png (480,640,3)
00000733.png (480,640,3)
00000734.png (480,640,3)
00000735.png (480,640,3)
00000736.png (480,640,3)
00000737.png (480,640,3)
00000738.png (480,640,3)
00000739.png (480,640,3)
00000740.png (480,640,3)
00000742.png (480,640,3)
00000743.png (480,640,3)
00000744.png (480,640,3)
00000746.png (480,640,3)
00000747.png (480,640,3)
00000748.png (480,640,3)
00000749.png (480,640,3)
00000750.png (480,640,3)
00000751.png (480,640,3)
00000753.png (480,640,3)
00000754.png (480,640,3)
00000755.png (480,640,3)
00000756.png (480,640,3)
00000757.png (480,640,3)
00000758.png (480,640,3)
00000760.png (480,640,3)
00000761.png (480,640,3)
00000762.png (480,640,3)
00000763.png (480,640,3)
00000764.png (480,640,3)
00000765.png (480,640,3)
00000767.png (480,640,3)
00000768.png (480,640,3)
00000769.png (480,640,3)
00000771.png (480,640,3)
00000772.png (480,640,3)
00000773.png (480,640,3)
00000775.png (480,640,3)
00000776.png (480,640,3)
00000777.png (480,640,3)
00000778.png (480,640,3)
00000779.png (480,640,3)
00000780.png (480,640,3)
00000781.png (480,640,3)
00000783.png (480,640,3)
00000784.png (480,640,3)
00000785.png (480,640,3)
00000786.png (480,640,3)
00000787.png (480,640,3)
00000788.png (480,640,3)
00000789.png (480,640,3)
00000790.png (480,640,3)
00000791.png (480,640,3)
00000792.png (480,640,3)
00000793.png (480,640,3)
00000794.png (480,640,3)
00000795.png (480,640,3)
00000798.png (480,640,3)
00000799.png (480,640,3)
00000800.png (480,640,3)
00000801.png (480,640,3)
00000802.png (480,640,3)
00000803.png (480,640,3)
00000804.png (480,640,3)
00000805.png (480,640,3)
00000806.png (480,640,3)
00000807.png (480,640,3)
00000808.png (480,640,3)
00000809.png (480,640,3)
00000810.png (480,640,3)
00000811.png (480,640,3)
00000812.png (480,640,3)
00000813.png (480,640,3)
00000814.png (480,640,3)
00000815.png (480,640,3)
00000817.png (480,640,3)
00000818.png (480,640,3)
00000819.png (480,640,3)
00000820.png (480,640,3)
00000821.png (480,640,3)
00000822.png (480,640,3)
00000823.png (480,640,3)
00000824.png (480,640,3)
00000825.png (480,640,3)
00000826.png (480,640,3)
00000827.png (480,640,3)
00000828.png (480,640,3)
00000829.png (480,640,3)
00000830.png (480,640,3)
00000831.png (480,640,3)
00000832.png (480,640,3)
00000833.png (480,640,3)
00000834.png (480,640,3)
00000835.png (480,640,3)
00000839.png (480,640,3)
00000840.png (480,640,3)
00000843.png (480,640,3)
00000844.png (480,640,3)
00000845.png (480,640,3)
00000846.png (480,640,3)
00000847.png (480,640,3)
00000848.png (480,640,3)
00000849.png (480,640,3)
00000850.png (480,640,3)
00000851.png (480,640,3)
00000852.png (480,640,3)
00000853.png (480,640,3)
00000854.png (480,640,3)
00000855.png (480,640,3)
00000856.png (480,640,3)
00000857.png (480,640,3)
00000859.png (480,640,3)
00000860.png (480,640,3)
00000861.png (480,640,3)
00000862.png (480,640,3)
00000863.png (480,640,3)
00000864.png (480,640,3)
00000865.png (480,640,3)
00000866.png (480,640,3)
00000868.png (480,640,3)
00000869.png (480,640,3)
00000870.png (480,640,3)
00000871.png (480,640,3)
00000872.png (480,640,3)
00000873.png (480,640,3)
00000874.png (480,640,3)
00000875.png (480,640,3)
00000876.png (480,640,3)
00000877.png (480,640,3)
00000878.png (480,640,3)
00000879.png (480,640,3)
00000880.png (480,640,3)
00000881.png (480,640,3)
00000882.png (480,640,3)
00000883.png (480,640,3)
00000884.png (480,640,3)
00000885.png (480,640,3)
00000887.png (480,640,3)
00000888.png (480,640,3)
00000891.png (480,640,3)
00000892.png (480,640,3)
00000893.png (480,640,3)
00000894.png (480,640,3)
00000895.png (480,640,3)
00000896.png (480,640,3)
00000897.png (480,640,3)
00000898.png (480,640,3)
00000899.png (480,640,3)
00000900.png (480,640,3)
00000901.png (480,640,3)
00000902.png (480,640,3)
00000903.png (480,640,3)
00000904.png (480,640,3)
00000905.png (480,640,3)
00000906.png (480,640,3)
00000907.png (480,640,3)
00000908.png (480,640,3)
00000909.png (480,640,3)
00000910.png (480,640,3)
00000911.png (480,640,3)
00000912.png (480,640,3)
00000913.png (480,640,3)
00000914.png (480,640,3)
00000915.png (480,640,3)
00000916.png (480,640,3)
00000917.png (480,640,3)
00000918.png (480,640,3)
00000919.png (480,640,3)
00000920.png (480,640,3)
00000921.png (480,640,3)
00000922.png (480,640,3)
00000923.png (480,640,3)
00000924.png (480,640,3)
00000926.png (480,640,3)
00000927.png (480,640,3)
00000928.png (480,640,3)
00000929.png (480,640,3)
00000930.png (480,640,3)
00000931.png (480,640,3)
00000932.png (480,640,3)
00000933.png (480,640,3)
00000934.png (480,640,3)
00000935.png (480,640,3)
00000936.png (480,640,3)
00000937.png (480,640,3)
00000938.png (480,640,3)
00000939.png (480,640,3)
00000940.png (480,640,3)
00000941.png (480,640,3)
00000943.png (480,640,3)
00000944.png (480,640,3)
00000945.png (480,640,3)
00000946.png (480,640,3)
00000947.png (480,640,3)
00000948.png (480,640,3)
00000950.png (480,640,3)
00000951.png (480,640,3)
00000952.png (480,640,3)
00000953.png (480,640,3)
00000954.png (480,640,3)
00000955.png (480,640,3)
00000956.png (480,640,3)
00000957.png (480,640,3)
00000958.png (480,640,3)
00000959.png (480,640,3)
00000960.png (480,640,3)
00000961.png (480,640,3)
00000962.png (480,640,3)
00000963.png (480,640,3)
00000964.png (480,640,3)
00000965.png (480,640,3)
00000966.png (480,640,3)
00000967.png (480,640,3)
00000968.png (480,640,3)
00000969.png (480,640,3)
00000970.png (480,640,3)
00000971.png (480,640,3)
00000972.png (480,640,3)
00000973.png (480,640,3)
00000974.png (480,640,3)
00000975.png (480,640,3)
00000976.png (480,640,3)
00000977.png (480,640,3)
00000979.png (480,640,3)
00000980.png (480,640,3)
00000981.png (480,640,3)
00000982.png (480,640,3)
00000983.png (480,640,3)
00000984.png (480,640,3)
00000985.png (480,640,3)
00000986.png (480,640,3)
00000987.png (480,640,3)
00000988.png (480,640,3)
00000989.png (480,640,3)
00000990.png (480,640,3)
00000991.png (480,640,3)
00000992.png (480,640,3)
00000995.png (480,640,3)
00000996.png (480,640,3)
00000997.png (480,640,3)
00000998.png (480,640,3)
00000999.png (480,640,3)
00001000.png (480,640,3)
00001001.png (480,640,3)
00001002.png (480,640,3)
00001003.png (480,640,3)
00001004.png (480,640,3)
00001005.png (480,640,3)
00001007.png (480,640,3)
00001008.png (480,640,3)
00001010.png (480,640,3)
00001011.png (480,640,3)
00001012.png (480,640,3)
00001013.png (480,640,3)
00001014.png (480,640,3)
00001015.png (480,640,3)
00001016.png (480,640,3)
00001017.png (480,640,3)
00001019.png (480,640,3)
00001020.png (480,640,3)
00001021.png (480,640,3)
00001022.png (480,640,3)
00001023.png (480,640,3)
00001024.png (480,640,3)
00001026.png (480,640,3)
00001027.png (480,640,3)
00001028.png (480,640,3)
00001029.png (480,640,3)
00001030.png (480,640,3)
00001031.png (480,640,3)
00001032.png (480,640,3)
00001033.png (480,640,3)
00001034.png (480,640,3)
00001035.png (480,640,3)
00001036.png (480,640,3)
00001037.png (480,640,3)
00001038.png (480,640,3)
00001039.png (480,640,3)
00001040.png (480,640,3)
00001041.png (480,640,3)
00001042.png (480,640,3)
00001043.png (480,640,3)
00001044.png (480,640,3)
00001045.png (480,640,3)
00001047.png (480,640,3)
00001048.png (480,640,3)
00001049.png (480,640,3)
00001050.png (480,640,3)
00001051.png (480,640,3)
00001052.png (480,640,3)
00001053.png (480,640,3)
00001054.png (480,640,3)
00001055.png (480,640,3)
00001056.png (480,640,3)
00001057.png (480,640,3)
00001058.png (480,640,3)
00001059.png (480,640,3)
00001060.png (480,640,3)
00001061.png (480,640,3)
00001062.png (480,640,3)
00001063.png (480,640,3)
00001064.png (480,640,3)
00001065.png (480,640,3)
00001066.png (480,640,3)
00001068.png (480,640,3)
00001069.png (480,640,3)
00001070.png (480,640,3)
00001071.png (480,640,3)
00001072.png (480,640,3)
00001073.png (480,640,3)
00001074.png (480,640,3)
00001076.png (480,640,3)
00001077.png (480,640,3)
00001078.png (480,640,3)
00001079.png (480,640,3)
00001080.png (480,640,3)
00001082.png (480,640,3)
00001083.png (480,640,3)
00001084.png (480,640,3)
00001085.png (480,640,3)
00001086.png (480,640,3)
00001087.png (480,640,3)
00001088.png (480,640,3)
00001089.png (480,640,3)
00001090.png (480,640,3)
00001091.png (480,640,3)
00001092.png (480,640,3)
00001093.png (480,640,3)
00001094.png (480,640,3)
00001095.png (480,640,3)
00001096.png (480,640,3)
00001097.png (480,640,3)
00001098.png (480,640,3)
00001099.png (480,640,3)
00001100.png (480,640,3)
00001101.png (480,640,3)
00001102.png (480,640,3)
00001103.png (480,640,3)
00001104.png (480,640,3)
00001105.png (480,640,3)
00001106.png (480,640,3)
00001107.png (480,640,3)
00001108.png (480,640,3)
00001109.png (480,640,3)
00001110.png (480,640,3)
00001112.png (480,640,3)
00001113.png (480,640,3)
00001114.png (480,640,3)
00001115.png (480,640,3)
00001116.png (480,640,3)
00001117.png (480,640,3)
00001118.png (480,640,3)
00001119.png (480,640,3)
00001121.png (480,640,3)
00001122.png (480,640,3)
00001123.png (480,640,3)
00001124.png (480,640,3)
00001125.png (480,640,3)
00001127.png (480,640,3)
00001129.png (480,640,3)
00001130.png (480,640,3)
00001132.png (480,640,3)
00001133.png (480,640,3)
00001134.png (480,640,3)
00001135.png (480,640,3)
00001136.png (480,640,3)
00001137.png (480,640,3)
00001138.png (480,640,3)
00001139.png (480,640,3)
00001140.png (480,640,3)
00001141.png (480,640,3)
00001142.png (480,640,3)
00001144.png (480,640,3)
00001145.png (480,640,3)
00001146.png (480,640,3)
00001147.png (480,640,3)
00001148.png (480,640,3)
00001149.png (480,640,3)
00001150.png (480,640,3)
00001151.png (480,640,3)
00001152.png (480,640,3)
00001153.png (480,640,3)
00001155.png (480,640,3)
00001156.png (480,640,3)
00001157.png (480,640,3)
00001158.png (480,640,3)
00001160.png (480,640,3)
00001163.png (480,640,3)
00001164.png (480,640,3)
00001165.png (480,640,3)
00001166.png (480,640,3)
00001167.png (480,640,3)
00001168.png (480,640,3)
00001169.png (480,640,3)
00001170.png (480,640,3)
00001171.png (480,640,3)
00001172.png (480,640,3)
00001173.png (480,640,3)
00001174.png (480,640,3)
00001175.png (480,640,3)
00001176.png (480,640,3)
00001177.png (480,640,3)
00001178.png (480,640,3)
00001179.png (480,640,3)
00001180.png (480,640,3)
00001182.png (480,640,3)
00001184.png (480,640,3)
00001185.png (480,640,3)
00001186.png (480,640,3)
00001187.png (480,640,3)
00001188.png (480,640,3)
00001189.png (480,640,3)
00001190.png (480,640,3)
00001192.png (480,640,3)
00001193.png (480,640,3)
00001195.png (480,640,3)
00001196.png (480,640,3)
00001197.png (480,640,3)
00001198.png (480,640,3)
00001200.png (480,640,3)
00001201.png (480,640,3)
00001202.png (480,640,3)
00001204.png (480,640,3)
00001205.png (480,640,3)
00001206.png (480,640,3)
00001207.png (480,640,3)
00001208.png (480,640,3)
00001209.png (480,640,3)
00001210.png (480,640,3)
00001211.png (480,640,3)
00001212.png (480,640,3)
00001213.png (480,640,3)
00001214.png (480,640,3)
00001215.png (480,640,3)
00001216.png (480,640,3)
00001217.png (480,640,3)
00001220.png (480,640,3)
00001221.png (480,640,3)
00001222.png (480,640,3)
00001223.png (480,640,3)
00001224.png (480,640,3)
00001225.png (480,640,3)
00001226.png (480,640,3)
00001227.png (480,640,3)
00001228.png (480,640,3)
00001230.png (480,640,3)
00001231.png (480,640,3)
00001232.png (480,640,3)
00001233.png (480,640,3)
00001234.png (480,640,3)
00001235.png (480,640,3)
00001236.png (480,640,3)
00001238.png (480,640,3)
00001239.png (480,640,3)
00001240.png (480,640,3)
00001241.png (480,640,3)
00001242.png (480,640,3)
00001244.png (480,640,3)
00001245.png (480,640,3)
00001246.png (480,640,3)
00001247.png (480,640,3)
00001248.png (480,640,3)
00001249.png (480,640,3)
00001250.png (480,640,3)
00001251.png (480,640,3)
00001252.png (480,640,3)
00001254.png (480,640,3)
00001255.png (480,640,3)
00001256.png (480,640,3)
00001257.png (480,640,3)
00001258.png (480,640,3)
00001259.png (480,640,3)
00001260.png (480,640,3)
00001261.png (480,640,3)
00001262.png (480,640,3)
00001263.png (480,640,3)
00001264.png (480,640,3)
00001267.png (480,640,3)
00001268.png (480,640,3)
00001269.png (480,640,3)
00001270.png (480,640,3)
00001271.png (480,640,3)
00001274.png (480,640,3)
00001275.png (480,640,3)
00001276.png (480,640,3)
00001277.png (480,640,3)
00001278.png (480,640,3)
00001279.png (480,640,3)
00001280.png (480,640,3)
00001281.png (480,640,3)
00001282.png (480,640,3)
00001283.png (480,640,3)
00001284.png (480,640,3)
00001285.png (480,640,3)
00001286.png (480,640,3)
00001287.png (480,640,3)
00001288.png (480,640,3)
00001289.png (480,640,3)
00001290.png (480,640,3)
00001291.png (480,640,3)
00001292.png (480,640,3)
00001293.png (480,640,3)
00001294.png (480,640,3)
00001295.png (480,640,3)
00001296.png (480,640,3)
00001297.png (480,640,3)
00001298.png (480,640,3)
00001299.png (480,640,3)
00001300.png (480,640,3)
00001301.png (480,640,3)
00001302.png (480,640,3)
00001303.png (480,640,3)
00001304.png (480,640,3)
00001305.png (480,640,3)
00001307.png (480,640,3)
00001308.png (480,640,3)
00001309.png (480,640,3)
00001310.png (480,640,3)
00001311.png (480,640,3)
00001312.png (480,640,3)
00001314.png (480,640,3)
00001316.png (480,640,3)
00001318.png (480,640,3)
00001319.png (480,640,3)
00001320.png (480,640,3)
00001321.png (480,640,3)
00001322.png (480,640,3)
00001323.png (480,640,3)
00001324.png (480,640,3)
00001325.png (480,640,3)
00001326.png (480,640,3)
00001328.png (480,640,3)
00001329.png (480,640,3)
00001330.png (480,640,3)
00001331.png (480,640,3)
00001332.png (480,640,3)
00001333.png (480,640,3)
00001334.png (480,640,3)
00001335.png (480,640,3)
00001336.png (480,640,3)
00001337.png (480,640,3)
00001338.png (480,640,3)
00001340.png (480,640,3)
00001341.png (480,640,3)
00001342.png (480,640,3)
00001343.png (480,640,3)
00001344.png (480,640,3)
00001345.png (480,640,3)
00001346.png (480,640,3)
00001347.png (480,640,3)
00001348.png (480,640,3)
00001349.png (480,640,3)
00001350.png (480,640,3)
00001351.png (480,640,3)
00001352.png (480,640,3)
00001353.png (480,640,3)
00001355.png (480,640,3)
00001356.png (480,640,3)
00001357.png (480,640,3)
00001358.png (480,640,3)
00001359.png (480,640,3)
00001360.png (480,640,3)
00001361.png (480,640,3)
00001362.png (480,640,3)
00001365.png (480,640,3)
00001366.png (480,640,3)
00001367.png (480,640,3)
00001368.png (480,640,3)
00001369.png (480,640,3)
00001371.png (480,640,3)
00001373.png (480,640,3)
00001374.png (480,640,3)
00001375.png (480,640,3)
00001376.png (480,640,3)
00001377.png (480,640,3)
00001378.png (480,640,3)
00001379.png (480,640,3)
00001380.png (480,640,3)
00001381.png (480,640,3)
00001382.png (480,640,3)
00001383.png (480,640,3)
00001384.png (480,640,3)
00001385.png (480,640,3)
00001386.png (480,640,3)
00001387.png (480,640,3)
00001388.png (480,640,3)
00001389.png (480,640,3)
00001390.png (480,640,3)
00001391.png (480,640,3)
00001392.png (480,640,3)
00001393.png (480,640,3)
00001394.png (480,640,3)
00001395.png (480,640,3)
00001396.png (480,640,3)
00001397.png (480,640,3)
00001399.png (480,640,3)
00001400.png (480,640,3)
00001401.png (480,640,3)
00001402.png (480,640,3)
00001403.png (480,640,3)
00001404.png (480,640,3)
00001407.png (480,640,3)
00001408.png (480,640,3)
00001409.png (480,640,3)
00001410.png (480,640,3)
00001411.png (480,640,3)
00001412.png (480,640,3)
00001413.png (480,640,3)
00001414.png (480,640,3)
00001415.png (480,640,3)
00001416.png (480,640,3)
00001417.png (480,640,3)
00001418.png (480,640,3)
00001419.png (480,640,3)
00001420.png (480,640,3)
00001421.png (480,640,3)
00001422.png (480,640,3)
00001423.png (480,640,3)
00001424.png (480,640,3)
00001425.png (480,640,3)
00001426.png (480,640,3)
00001427.png (480,640,3)
00001428.png (480,640,3)
00001429.png (480,640,3)
00001430.png (480,640,3)
00001431.png (480,640,3)
00001432.png (480,640,3)
00001433.png (480,640,3)
00001434.png (480,640,3)
00001435.png (480,640,3)
00001436.png (480,640,3)
00001439.png (480,640,3)
00001441.png (480,640,3)
00001442.png (480,640,3)
00001443.png (480,640,3)
00001444.png (480,640,3)
00001445.png (480,640,3)
00001446.png (480,640,3)
00001447.png (480,640,3)
